0 66 22. 2222622220 2002222222, 02
00222020 20200020022220 2222 022222 ,022220220220222 66 6 020002-
000 2222020220000220 2020220 222222 Sed 220 22 022222 22022 022

200222022222220222222002222022222222, 2222220022

0 2222220202222222022222.
0 AR Bo 6666666 0222 22 22222222 2222222 2002202202, ex 0022222222

02022002002002222. 0222002222, 2222220022 200022 22222202 ‘66³6ss
022220020202222222 2022222222 222, 0222022220 2 6 002222 222222
02200222220202222, 22202222022222220202222220222222222, , ’

0222222222022202222222200220.

T66066s6666666 02220000020222222 &6666
6666666666666 022020202222200222222202 0000000 00000000
22 s 0220222222 22022 2222220220, 22 020 22 ,0220200222
6666‘6166666 2220222·02222220002020022222222222202
2002 02222222. 8200 2222 20022 2222 0220022222 022222 222022 0222, 6·
2222220022 Η 00 2222 222 22 220200.

A6601558. 022 22022) 2222200 2,0222 2002 2022222202
‘6666661 66 2202022 22002222· fib 2222022222222, 666
20020220222222022222ό (02202 22202200 0220020202 0222 0220202222
222222 fo 6 2202222 222 22022222 222 2222 [maumas 00202222
v H E 666 6 220 2222 2200022022 2220022, 2022202220
„ 0222220 222 2222222 22222222 02222 so 0222222222002 222 H 00222222
2222 (66 0202222222 0222 22002222 0220022220 0202202200)

66 222 22 6666 00222222 6200202202 02220022 22222222 0222, 1,

66666666 0220220002. .
I N v 2 22 i v 6 T v 2202 02020202002222222220222 02220 0⁰¹⁰&

222 ,2220202022 2222222200 ,222220022222202220222. 22222222 ΑΜΒ»
222202 22220 6 20222. 200222, 2022220222νο 2202 2 320002222οω0- 6606oe

1200222222222 2222222222 ,0222 22020222202222,026002

661666266666‘666‘
PRox161s 02022222022222222 6666 ,66666666- 2222222222.

2000, 22022222 2222222222, 22 02222022 22222222, 20 6606
0200222 2002020222 0022202022220000222202222. Ἀ
022 A 22202 222 2222 022 20202220222222002 022222 6

fv ΜΜ

 

