444554445515541445 44
4444444444 444 4444444444 4554444 4444 44444444 .4444 44
4444444444 444444 ί4444 4

41444444444444444444444444,44444444444444444444ί4444·

444 45 4444444444effic 44. ‚f4544'4'44l44414444444 444
’44 ,44444 4444444 54 ‘4444 4. 44 4444444444 4444 44444444.-
444444 444444 44444 4444g45· 4444444444444 g44 44444444,
4444444 44 444 4.,444444 4444444444.. 0444 4444
4444444444 4444444 44444 4444 ’4.

· LapsNoehvvcus

J444 44 44 4454 44 444 44. Ῥ44444 4444 4444444
444441444444444-32444555444244,44454544444'444.4274·m
44444· 44444444 4444444444 44 4444 44444. Nep 44..
4444444444, 4444444444444 44444 44444444, '445ng
44444⁴4ost44 44244445 444554 '²¹⁰4 4. 544444
44444444 444444· 5444 4⁶44 445, 4444 4 45 44 45 4444 4444-
444444.. 44444444.. 5444s 4 5444 5, 444445

149. jisvatii

44444 4444444444 4444 4444(ἲ 44444444..
4444444444. 4545445'545 454 444.. 444444 4444444444 4544555 4&
444444 ’
Νο4444444444444444,..4.4444444 4444444444 444 444444
4444444444... 44444 444 4445 454 44. 4444·- 44,44 44444444
’ 4444 44 4444444444 44444444, 44454551445 444 44 4444444 444
4444444445 4444444444 r44444144444554444 - -
,4444444444 3444444 444444 4. 44. 4455, 44444 4444444444 4444 5&
444444444444 444. 4444444444 4444. 444 4444444444, -
’ 4444444 4444444 4444444444 444444 44444 44 44 4444444444...ιῖ
44444444 444444 ,4444444444 444 44 444 44.. 4444444444 4444,
v4544444 444 44444444 ’44444444
D vc 155 Ἀ 144444 444 444444 444444444444444444444 Ne
'45554444444444545 4444 4444 44. 44 44444444 iconfe
444, 4444444 4444444444, ..4444444444- <44544445444
44444444 44 44444 4444444444 4444444444.-

5 Am

 

