’14 Δ C H 1 Ν A.
1111111,Ι 11111111 ,11111111111111111111 11111111 ’,11 01111111
1111111111 1111111111 ,11111111 111111 1111111111 111111, 111111
11111111. .
11111111 ΝΑ 1111111 1611110111111 1111111111 111,
””’·’ . 8111111111111131111111111111111,111111’1’1111’11111111111111
11111111 11111 1111111111 11111.
1111111 11111 8111111111111111 111111111111,1111111111111111
’ἓ”’””’· 111111111111111111111111111111111111111111111111111
111111 111111 1111111111· 1111111 1111111 1111111111 1111111111, 555-
11111111111111111111,1111111111111111111 '555-
111111111111111111111111111111111111111111111111.
11111111111111111,1111111111 11111 111. 111111 1111111111
111111111111111111111111111111111111111111111111111111111111·-.
11111111111111111111111111111111111111111111111111·
11111111111111.
1,,Ρ,,,,1, R A n 1 c 5 s C5'57 5555 5555 55555555 11111111 111111 1111111111
Ε1111111111)11111111111,111111111111111111111111111111111111111111111
1111111111111111111111111111111111111,111111111111111111111
11 11111111111111111111111·111,11111111111111 1111111111-
111111111161111111111111,11111111,1111111,1111111
111111111111111111111111111111,11111111111111,111111 ’
1111111111111111111111.
meh, Α Ρ 11111111 11 11111 1111111, 1111111111 11111111
5255555555 111111, 1111111111 11111111, 1111111111 55 1111111111 111111
”””· 111111 11111 1111111111111111111111111111 111111
’ 1111111111,1111111111111111111111,11111111·1,111 ⁸
111111111111111 55555555555 1111111 555 1111 111111 111
1111111,11111111111111,11111111111111111111111111,111
55555555, ’1111111111 1111111111 ,1111111111111 &5555-
1111111111111111111111111111111111111111111111
1111111111 555555 1,11 11111 1111111 1111111111 11111111111111111
11111111,1111111111111111111111111111 111 11111111
1111111 11111111111111111111.Ι 11111111111111111,1111111

ι 1111111111

 

